0 0
0.02488 0.00010
0.04975 0.00039
0.07463 0.00088
0.09950 0.00156
0.12438 0.00244
0.14925 0.00351
0.17413 0.00478
0.19900 0.00623
0.22388 0.00787
0.24876 0.00971
0.27363 0.01172
0.29851 0.01393
0.32338 0.01631
0.34826 0.01887
0.37313 0.02162
0.39801 0.02453
0.42289 0.02762
0.44776 0.03087
0.47264 0.03430
0.49751 0.03788
0.52239 0.04162
0.54726 0.04552
0.57214 0.04957
0.59701 0.05376
0.62189 0.05810
0.64677 0.06258
0.67164 0.06719
0.69652 0.07193
0.72139 0.07680
0.74627 0.08179
0.77114 0.08689
0.79602 0.09210
0.82090 0.09742
0.84577 0.10284
0.87065 0.10836
0.89552 0.11396
0.92040 0.11965
0.94527 0.12542
0.97015 0.13126
0.99502 0.13717
1.01990 0.14313
1.04478 0.14916
1.06965 0.15523
1.09453 0.16135
1.11940 0.16751
1.14428 0.17369
1.16915 0.17991
1.19403 0.18614
1.21891 0.19239
1.24378 0.19864
1.26866 0.20489
1.29353 0.21114
1.31841 0.21738
1.34328 0.22361
1.36816 0.22981
1.39303 0.23598
1.41791 0.24211
1.44279 0.24820
1.46766 0.25425
1.49254 0.26024
1.51741 0.26618
1.54229 0.27205
1.56716 0.27785
1.59204 0.28357
1.61692 0.28921
1.64179 0.29476
1.66667 0.30023
1.69154 0.30559
1.71642 0.31085
1.74129 0.31600
1.76617 0.32104
1.79104 0.32596
1.81592 0.33075
1.84080 0.33542
1.86567 0.33996
1.89055 0.34436
1.91542 0.34862
1.94030 0.35273
1.96517 0.35669
1.99005 0.36050
2.01493 0.36416
2.03980 0.36765
2.06468 0.37098
2.08955 0.37414
2.11443 0.37713
2.13930 0.37995
2.16418 0.38259
2.18905 0.38505
2.21393 0.38734
2.23881 0.38944
2.26368 0.39135
2.28856 0.39308
2.31343 0.39462
2.33831 0.39597
2.36318 0.39712
2.38806 0.39809
2.41294 0.39886
2.43781 0.39944
2.46269 0.39982
2.48756 0.40000
2.51244 0.39999
2.53731 0.39979
2.56219 0.39939
2.58706 0.39879
2.61194 0.39801
2.63682 0.39702
2.66169 0.39585
2.68657 0.39448
2.71144 0.39293
2.73632 0.39118
2.76119 0.38925
2.78607 0.38713
2.81095 0.38483
2.83582 0.38235
2.86070 0.37970
2.88557 0.37686
2.91045 0.37386
2.93532 0.37068
2.96020 0.36734
2.98507 0.36383
3.00995 0.36017
3.03483 0.35634
3.05970 0.35237
3.08458 0.34824
3.10945 0.34398
3.13433 0.33957
3.15920 0.33502
3.18408 0.33034
3.20896 0.32554
3.23383 0.32061
3.25871 0.31557
3.28358 0.31041
3.30846 0.30514
3.33333 0.29978
3.35821 0.29431
3.38308 0.28875
3.40796 0.28311
3.43284 0.27739
3.45771 0.27158
3.48259 0.26571
3.50746 0.25978
3.53234 0.25379
3.55721 0.24774
3.58209 0.24165
3.60697 0.23552
3.63184 0.22935
3.65672 0.22316
3.68159 0.21694
3.70647 0.21071
3.73134 0.20446
3.75622 0.19821
3.78109 0.19196
3.80597 0.18573
3.83085 0.17950
3.85572 0.17330
3.88060 0.16712
3.90547 0.16097
3.93035 0.15486
3.95522 0.14880
3.98010 0.14278
4.00498 0.13683
4.02985 0.13093
4.05473 0.12510
4.07960 0.11934
4.10448 0.11367
4.12935 0.10807
4.15423 0.10257
4.17910 0.09716
4.20398 0.09185
4.22886 0.08665
4.25373 0.08156
4.27861 0.07659
4.30348 0.07173
4.32836 0.06700
4.35323 0.06240
4.37811 0.05793
4.40299 0.05361
4.42786 0.04942
4.45274 0.04539
4.47761 0.04150
4.50249 0.03777
4.52736 0.03419
4.55224 0.03078
4.57711 0.02753
4.60199 0.02446
4.62687 0.02155
4.65174 0.01882
4.67662 0.01626
4.70149 0.01388
4.72637 0.01169
4.75124 0.00968
4.77612 0.00785
4.80100 0.00621
4.82587 0.00476
4.85075 0.00350
4.87562 0.00243
4.90050 0.00156
4.92537 0.00088
4.95025 0.00039
