0 0
0.02488 0.00140
0.04975 0.00557
0.07463 0.01250
0.09950 0.02213
0.12438 0.03438
0.14925 0.04918
0.17413 0.06640
0.19900 0.08592
0.22388 0.10761
0.24876 0.13130
0.27363 0.15682
0.29851 0.18399
0.32338 0.21262
0.34826 0.24250
0.37313 0.27343
0.39801 0.30519
0.42289 0.33756
0.44776 0.37033
0.47264 0.40328
0.49751 0.43620
0.52239 0.46886
0.54726 0.50106
0.57214 0.53260
0.59701 0.56330
0.62189 0.59296
0.64677 0.62142
0.67164 0.64851
0.69652 0.67410
0.72139 0.69804
0.74627 0.72023
0.77114 0.74055
0.79602 0.75892
0.82090 0.77527
0.84577 0.78954
0.87065 0.80169
0.89552 0.81169
0.92040 0.81954
0.94527 0.82523
0.97015 0.82878
0.99502 0.83023
1.01990 0.82961
1.04478 0.82698
1.06965 0.82241
1.09453 0.81596
1.11940 0.80773
1.14428 0.79781
1.16915 0.78629
1.19403 0.77328
1.21891 0.75888
1.24378 0.74321
1.26866 0.72638
1.29353 0.70851
1.31841 0.68972
1.34328 0.67011
1.36816 0.64981
1.39303 0.62893
1.41791 0.60758
1.44279 0.58587
1.46766 0.56390
1.49254 0.54177
1.51741 0.51958
1.54229 0.49741
1.56716 0.47535
1.59204 0.45348
1.61692 0.43187
1.64179 0.41059
1.66667 0.38969
1.69154 0.36924
1.71642 0.34927
1.74129 0.32984
1.76617 0.31098
1.79104 0.29271
1.81592 0.27508
1.84080 0.25808
1.86567 0.24175
1.89055 0.22610
1.91542 0.21112
1.94030 0.19682
1.96517 0.18321
1.99005 0.17027
2.01493 0.15800
2.03980 0.14639
2.06468 0.13542
2.08955 0.12509
2.11443 0.11536
2.13930 0.10623
2.16418 0.09768
2.18905 0.08968
2.21393 0.08222
2.23881 0.07526
2.26368 0.06879
2.28856 0.06278
2.31343 0.05721
2.33831 0.05206
2.36318 0.04731
2.38806 0.04292
2.41294 0.03889
2.43781 0.03518
2.46269 0.03178
2.48756 0.02867
2.51244 0.02583
2.53731 0.02323
2.56219 0.02087
2.58706 0.01872
2.61194 0.01676
2.63682 0.01499
2.66169 0.01339
2.68657 0.01194
2.71144 0.01064
2.73632 0.00946
2.76119 0.00840
2.78607 0.00745
2.81095 0.00660
2.83582 0.00584
2.86070 0.00515
2.88557 0.00455
2.91045 0.00400
2.93532 0.00352
2.96020 0.00309
2.98507 0.00271
3.00995 0.00238
3.03483 0.00208
3.05970 0.00182
3.08458 0.00158
3.10945 0.00138
3.13433 0.00120
3.15920 0.00104
3.18408 0.00090
3.20896 0.00078
3.23383 0.00068
3.25871 0.00059
3.28358 0.00051
3.30846 0.00044
3.33333 0.00037
3.35821 0.00032
3.38308 0.00028
3.40796 0.00024
3.43284 0.00020
3.45771 0.00017
3.48259 0.00015
3.50746 0.00013
3.53234 0.00011
3.55721 0.00009
3.58209 0.00008
3.60697 0.00007
3.63184 0.00006
3.65672 0.00005
3.68159 0.00004
3.70647 0.00003
3.73134 0.00003
3.75622 0.00002
3.78109 0.00002
3.80597 0.00002
3.83085 0.00001
3.85572 0.00001
3.88060 0.00001
3.90547 0.00001
3.93035 0.00001
3.95522 0.00001
3.98010 0.00000
4.00498 0.00000
4.02985 0.00000
4.05473 0.00000
4.07960 0.00000
4.10448 0.00000
4.12935 0.00000
4.15423 0.00000
4.17910 0.00000
4.20398 0.00000
4.22886 0.00000
4.25373 0.00000
4.27861 0.00000
4.30348 0.00000
4.32836 0.00000
4.35323 0.00000
4.37811 0.00000
4.40299 0.00000
4.42786 0.00000
4.45274 0.00000
4.47761 0.00000
4.50249 0.00000
4.52736 0.00000
4.55224 0.00000
4.57711 0.00000
4.60199 0.00000
4.62687 0.00000
4.65174 0.00000
4.67662 0.00000
4.70149 0.00000
4.72637 0.00000
4.75124 0.00000
4.77612 0.00000
4.80100 0.00000
4.82587 0.00000
4.85075 0.00000
4.87562 0.00000
4.90050 0.00000
4.92537 0.00000
4.95025 0.00000
