0 0
0.02488 0.01125
0.04975 0.04563
0.07463 0.10337
0.09950 0.18374
0.12438 0.28503
0.14925 0.40468
0.17413 0.53933
0.19900 0.68503
0.22388 0.83738
0.24876 0.99176
0.27363 1.14348
0.29851 1.28803
0.32338 1.42124
0.34826 1.53945
0.37313 1.63961
0.39801 1.71940
0.42289 1.77728
0.44776 1.81247
0.47264 1.82498
0.49751 1.81552
0.52239 1.78542
0.54726 1.73655
0.57214 1.67118
0.59701 1.59185
0.62189 1.50131
0.64677 1.40233
0.67164 1.29762
0.69652 1.18977
0.72139 1.08114
0.74627 0.97385
0.77114 0.86967
0.79602 0.77008
0.82090 0.67625
0.84577 0.58899
0.87065 0.50885
0.89552 0.43612
0.92040 0.37085
0.94527 0.31289
0.97015 0.26196
0.99502 0.21765
1.01990 0.17947
1.04478 0.14688
1.06965 0.11931
1.09453 0.09621
1.11940 0.07701
1.14428 0.06119
1.16915 0.04827
1.19403 0.03781
1.21891 0.02940
1.24378 0.02270
1.26866 0.01741
1.29353 0.01325
1.31841 0.01002
1.34328 0.00752
1.36816 0.00561
1.39303 0.00415
1.41791 0.00305
1.44279 0.00223
1.46766 0.00162
1.49254 0.00116
1.51741 0.00083
1.54229 0.00059
1.56716 0.00042
1.59204 0.00029
1.61692 0.00020
1.64179 0.00014
1.66667 0.00010
1.69154 0.00007
1.71642 0.00004
1.74129 0.00003
1.76617 0.00002
1.79104 0.00001
1.81592 0.00001
1.84080 0.00001
1.86567 0.00000
1.89055 0.00000
1.91542 0.00000
1.94030 0.00000
1.96517 0.00000
1.99005 0.00000
2.01493 0.00000
2.03980 0.00000
2.06468 0.00000
2.08955 0.00000
2.11443 0.00000
2.13930 0.00000
2.16418 0.00000
2.18905 0.00000
2.21393 0.00000
2.23881 0.00000
2.26368 0.00000
2.28856 0.00000
2.31343 0.00000
2.33831 0.00000
2.36318 0.00000
2.38806 0.00000
2.41294 0.00000
2.43781 0.00000
2.46269 0.00000
2.48756 0.00000
2.51244 0.00000
2.53731 0.00000
2.56219 0.00000
2.58706 0.00000
2.61194 0.00000
2.63682 0.00000
2.66169 0.00000
2.68657 0.00000
2.71144 0.00000
2.73632 0.00000
2.76119 0.00000
2.78607 0.00000
2.81095 0.00000
2.83582 0.00000
2.86070 0.00000
2.88557 0.00000
2.91045 0.00000
2.93532 0.00000
2.96020 0.00000
2.98507 0.00000
3.00995 0.00000
3.03483 0.00000
3.05970 0.00000
3.08458 0.00000
3.10945 0.00000
3.13433 0.00000
3.15920 0.00000
3.18408 0.00000
3.20896 0.00000
3.23383 0.00000
3.25871 0.00000
3.28358 0.00000
3.30846 0.00000
3.33333 0.00000
3.35821 0.00000
3.38308 0.00000
3.40796 0.00000
3.43284 0.00000
3.45771 0.00000
3.48259 0.00000
3.50746 0.00000
3.53234 0.00000
3.55721 0.00000
3.58209 0.00000
3.60697 0.00000
3.63184 0.00000
3.65672 0.00000
3.68159 0.00000
3.70647 0.00000
3.73134 0.00000
3.75622 0.00000
3.78109 0.00000
3.80597 0.00000
3.83085 0.00000
3.85572 0.00000
3.88060 0.00000
3.90547 0.00000
3.93035 0.00000
3.95522 0.00000
3.98010 0.00000
4.00498 0.00000
4.02985 0.00000
4.05473 0.00000
4.07960 0.00000
4.10448 0.00000
4.12935 0.00000
4.15423 0.00000
4.17910 0.00000
4.20398 0.00000
4.22886 0.00000
4.25373 0.00000
4.27861 0.00000
4.30348 0.00000
4.32836 0.00000
4.35323 0.00000
4.37811 0.00000
4.40299 0.00000
4.42786 0.00000
4.45274 0.00000
4.47761 0.00000
4.50249 0.00000
4.52736 0.00000
4.55224 0.00000
4.57711 0.00000
4.60199 0.00000
4.62687 0.00000
4.65174 0.00000
4.67662 0.00000
4.70149 0.00000
4.72637 0.00000
4.75124 0.00000
4.77612 0.00000
4.80100 0.00000
4.82587 0.00000
4.85075 0.00000
4.87562 0.00000
4.90050 0.00000
4.92537 0.00000
4.95025 0.00000
