0 0
0.02488 0.00049
0.04975 0.00197
0.07463 0.00444
0.09950 0.00787
0.12438 0.01226
0.14925 0.01760
0.17413 0.02385
0.19900 0.03101
0.22388 0.03904
0.24876 0.04792
0.27363 0.05761
0.29851 0.06807
0.32338 0.07927
0.34826 0.09117
0.37313 0.10373
0.39801 0.11689
0.42289 0.13062
0.44776 0.14486
0.47264 0.15957
0.49751 0.17468
0.52239 0.19016
0.54726 0.20594
0.57214 0.22198
0.59701 0.23821
0.62189 0.25458
0.64677 0.27104
0.67164 0.28754
0.69652 0.30401
0.72139 0.32041
0.74627 0.33669
0.77114 0.35278
0.79602 0.36865
0.82090 0.38424
0.84577 0.39951
0.87065 0.41441
0.89552 0.42890
0.92040 0.44294
0.94527 0.45648
0.97015 0.46950
0.99502 0.48196
1.01990 0.49382
1.04478 0.50506
1.06965 0.51565
1.09453 0.52557
1.11940 0.53479
1.14428 0.54331
1.16915 0.55109
1.19403 0.55814
1.21891 0.56443
1.24378 0.56997
1.26866 0.57475
1.29353 0.57876
1.31841 0.58201
1.34328 0.58449
1.36816 0.58623
1.39303 0.58721
1.41791 0.58746
1.44279 0.58698
1.46766 0.58580
1.49254 0.58391
1.51741 0.58135
1.54229 0.57813
1.56716 0.57428
1.59204 0.56981
1.61692 0.56475
1.64179 0.55912
1.66667 0.55295
1.69154 0.54627
1.71642 0.53910
1.74129 0.53147
1.76617 0.52341
1.79104 0.51495
1.81592 0.50612
1.84080 0.49695
1.86567 0.48746
1.89055 0.47768
1.91542 0.46765
1.94030 0.45739
1.96517 0.44694
1.99005 0.43631
2.01493 0.42554
2.03980 0.41465
2.06468 0.40367
2.08955 0.39262
2.11443 0.38153
2.13930 0.37042
2.16418 0.35931
2.18905 0.34823
2.21393 0.33719
2.23881 0.32622
2.26368 0.31533
2.28856 0.30455
2.31343 0.29387
2.33831 0.28334
2.36318 0.27294
2.38806 0.26271
2.41294 0.25265
2.43781 0.24277
2.46269 0.23309
2.48756 0.22361
2.51244 0.21433
2.53731 0.20528
2.56219 0.19644
2.58706 0.18783
2.61194 0.17946
2.63682 0.17132
2.66169 0.16342
2.68657 0.15576
2.71144 0.14834
2.73632 0.14116
2.76119 0.13422
2.78607 0.12753
2.81095 0.12107
2.83582 0.11485
2.86070 0.10886
2.88557 0.10311
2.91045 0.09758
2.93532 0.09228
2.96020 0.08720
2.98507 0.08234
3.00995 0.07769
3.03483 0.07324
3.05970 0.06900
3.08458 0.06495
3.10945 0.06109
3.13433 0.05742
3.15920 0.05393
3.18408 0.05061
3.20896 0.04746
3.23383 0.04447
3.25871 0.04164
3.28358 0.03896
3.30846 0.03642
3.33333 0.03402
3.35821 0.03176
3.38308 0.02962
3.40796 0.02761
3.43284 0.02572
3.45771 0.02393
3.48259 0.02225
3.50746 0.02068
3.53234 0.01920
3.55721 0.01781
3.58209 0.01651
3.60697 0.01529
3.63184 0.01416
3.65672 0.01309
3.68159 0.01210
3.70647 0.01117
3.73134 0.01030
3.75622 0.00950
3.78109 0.00875
3.80597 0.00805
3.83085 0.00740
3.85572 0.00680
3.88060 0.00624
3.90547 0.00572
3.93035 0.00524
3.95522 0.00480
3.98010 0.00439
4.00498 0.00401
4.02985 0.00366
4.05473 0.00333
4.07960 0.00303
4.10448 0.00276
4.12935 0.00251
4.15423 0.00227
4.17910 0.00206
4.20398 0.00186
4.22886 0.00168
4.25373 0.00152
4.27861 0.00137
4.30348 0.00123
4.32836 0.00110
4.35323 0.00099
4.37811 0.00088
4.40299 0.00078
4.42786 0.00070
4.45274 0.00062
4.47761 0.00055
4.50249 0.00048
4.52736 0.00042
4.55224 0.00037
4.57711 0.00032
4.60199 0.00028
4.62687 0.00024
4.65174 0.00020
4.67662 0.00017
4.70149 0.00014
4.72637 0.00012
4.75124 0.00009
4.77612 0.00008
4.80100 0.00006
4.82587 0.00004
4.85075 0.00003
4.87562 0.00002
4.90050 0.00001
4.92537 0.00001
4.95025 0.00000
