0 0
0.02488 0.00002
0.04975 0.00009
0.07463 0.00020
0.09950 0.00036
0.12438 0.00058
0.14925 0.00085
0.17413 0.00119
0.19900 0.00159
0.22388 0.00205
0.24876 0.00258
0.27363 0.00319
0.29851 0.00388
0.32338 0.00464
0.34826 0.00548
0.37313 0.00642
0.39801 0.00744
0.42289 0.00855
0.44776 0.00975
0.47264 0.01106
0.49751 0.01246
0.52239 0.01397
0.54726 0.01558
0.57214 0.01730
0.59701 0.01913
0.62189 0.02108
0.64677 0.02314
0.67164 0.02531
0.69652 0.02761
0.72139 0.03002
0.74627 0.03256
0.77114 0.03523
0.79602 0.03801
0.82090 0.04093
0.84577 0.04397
0.87065 0.04714
0.89552 0.05044
0.92040 0.05387
0.94527 0.05742
0.97015 0.06111
0.99502 0.06493
1.01990 0.06887
1.04478 0.07295
1.06965 0.07715
1.09453 0.08148
1.11940 0.08594
1.14428 0.09052
1.16915 0.09522
1.19403 0.10004
1.21891 0.10498
1.24378 0.11004
1.26866 0.11522
1.29353 0.12050
1.31841 0.12589
1.34328 0.13139
1.36816 0.13699
1.39303 0.14268
1.41791 0.14847
1.44279 0.15435
1.46766 0.16032
1.49254 0.16636
1.51741 0.17249
1.54229 0.17868
1.56716 0.18494
1.59204 0.19126
1.61692 0.19763
1.64179 0.20406
1.66667 0.21053
1.69154 0.21703
1.71642 0.22357
1.74129 0.23013
1.76617 0.23671
1.79104 0.24330
1.81592 0.24989
1.84080 0.25649
1.86567 0.26307
1.89055 0.26963
1.91542 0.27617
1.94030 0.28268
1.96517 0.28915
1.99005 0.29558
2.01493 0.30195
2.03980 0.30825
2.06468 0.31449
2.08955 0.32065
2.11443 0.32673
2.13930 0.33271
2.16418 0.33859
2.18905 0.34436
2.21393 0.35002
2.23881 0.35555
2.26368 0.36095
2.28856 0.36622
2.31343 0.37134
2.33831 0.37630
2.36318 0.38110
2.38806 0.38574
2.41294 0.39020
2.43781 0.39448
2.46269 0.39858
2.48756 0.40248
2.51244 0.40618
2.53731 0.40967
2.56219 0.41295
2.58706 0.41601
2.61194 0.41885
2.63682 0.42146
2.66169 0.42384
2.68657 0.42599
2.71144 0.42789
2.73632 0.42954
2.76119 0.43094
2.78607 0.43209
2.81095 0.43299
2.83582 0.43363
2.86070 0.43400
2.88557 0.43411
2.91045 0.43396
2.93532 0.43354
2.96020 0.43286
2.98507 0.43190
3.00995 0.43068
3.03483 0.42919
3.05970 0.42743
3.08458 0.42540
3.10945 0.42311
3.13433 0.42055
3.15920 0.41773
3.18408 0.41465
3.20896 0.41131
3.23383 0.40772
3.25871 0.40388
3.28358 0.39979
3.30846 0.39546
3.33333 0.39089
3.35821 0.38609
3.38308 0.38106
3.40796 0.37581
3.43284 0.37034
3.45771 0.36466
3.48259 0.35878
3.50746 0.35271
3.53234 0.34645
3.55721 0.34000
3.58209 0.33339
3.60697 0.32661
3.63184 0.31967
3.65672 0.31259
3.68159 0.30538
3.70647 0.29803
3.73134 0.29057
3.75622 0.28300
3.78109 0.27533
3.80597 0.26757
3.83085 0.25973
3.85572 0.25183
3.88060 0.24388
3.90547 0.23587
3.93035 0.22784
3.95522 0.21978
3.98010 0.21171
4.00498 0.20364
4.02985 0.19558
4.05473 0.18754
4.07960 0.17954
4.10448 0.17158
4.12935 0.16368
4.15423 0.15585
4.17910 0.14810
4.20398 0.14044
4.22886 0.13288
4.25373 0.12543
4.27861 0.11811
4.30348 0.11092
4.32836 0.10387
4.35323 0.09698
4.37811 0.09026
4.40299 0.08372
4.42786 0.07735
4.45274 0.07119
4.47761 0.06523
4.50249 0.05948
4.52736 0.05395
4.55224 0.04865
4.57711 0.04360
4.60199 0.03878
4.62687 0.03423
4.65174 0.02993
4.67662 0.02589
4.70149 0.02214
4.72637 0.01866
4.75124 0.01546
4.77612 0.01255
4.80100 0.00994
4.82587 0.00763
4.85075 0.00561
4.87562 0.00390
4.90050 0.00250
4.92537 0.00141
4.95025 0.00063
