0 0
0.02488 0.00065
0.04975 0.00267
0.07463 0.00614
0.09950 0.01113
0.12438 0.01768
0.14925 0.02586
0.17413 0.03569
0.19900 0.04718
0.22388 0.06034
0.24876 0.07515
0.27363 0.09159
0.29851 0.10962
0.32338 0.12917
0.34826 0.15018
0.37313 0.17256
0.39801 0.19621
0.42289 0.22102
0.44776 0.24686
0.47264 0.27362
0.49751 0.30114
0.52239 0.32928
0.54726 0.35788
0.57214 0.38678
0.59701 0.41581
0.62189 0.44482
0.64677 0.47364
0.67164 0.50209
0.69652 0.53002
0.72139 0.55727
0.74627 0.58369
0.77114 0.60912
0.79602 0.63342
0.82090 0.65647
0.84577 0.67814
0.87065 0.69833
0.89552 0.71692
0.92040 0.73384
0.94527 0.74900
0.97015 0.76235
0.99502 0.77383
1.01990 0.78341
1.04478 0.79107
1.06965 0.79678
1.09453 0.80056
1.11940 0.80242
1.14428 0.80238
1.16915 0.80047
1.19403 0.79676
1.21891 0.79129
1.24378 0.78413
1.26866 0.77536
1.29353 0.76505
1.31841 0.75329
1.34328 0.74019
1.36816 0.72583
1.39303 0.71031
1.41791 0.69375
1.44279 0.67625
1.46766 0.65791
1.49254 0.63884
1.51741 0.61915
1.54229 0.59894
1.56716 0.57831
1.59204 0.55737
1.61692 0.53621
1.64179 0.51492
1.66667 0.49359
1.69154 0.47231
1.71642 0.45115
1.74129 0.43019
1.76617 0.40949
1.79104 0.38912
1.81592 0.36913
1.84080 0.34957
1.86567 0.33050
1.89055 0.31194
1.91542 0.29394
1.94030 0.27652
1.96517 0.25970
1.99005 0.24351
2.01493 0.22796
2.03980 0.21306
2.06468 0.19881
2.08955 0.18522
2.11443 0.17228
2.13930 0.16000
2.16418 0.14835
2.18905 0.13734
2.21393 0.12695
2.23881 0.11716
2.26368 0.10796
2.28856 0.09933
2.31343 0.09125
2.33831 0.08370
2.36318 0.07665
2.38806 0.07010
2.41294 0.06400
2.43781 0.05835
2.46269 0.05312
2.48756 0.04828
2.51244 0.04382
2.53731 0.03972
2.56219 0.03594
2.58706 0.03248
2.61194 0.02930
2.63682 0.02640
2.66169 0.02375
2.68657 0.02133
2.71144 0.01914
2.73632 0.01714
2.76119 0.01533
2.78607 0.01369
2.81095 0.01221
2.83582 0.01087
2.86070 0.00967
2.88557 0.00859
2.91045 0.00761
2.93532 0.00674
2.96020 0.00596
2.98507 0.00526
3.00995 0.00464
3.03483 0.00409
3.05970 0.00359
3.08458 0.00315
3.10945 0.00277
3.13433 0.00242
3.15920 0.00212
3.18408 0.00185
3.20896 0.00161
3.23383 0.00140
3.25871 0.00122
3.28358 0.00106
3.30846 0.00092
3.33333 0.00079
3.35821 0.00069
3.38308 0.00059
3.40796 0.00051
3.43284 0.00044
3.45771 0.00038
3.48259 0.00033
3.50746 0.00028
3.53234 0.00024
3.55721 0.00020
3.58209 0.00017
3.60697 0.00015
3.63184 0.00013
3.65672 0.00011
3.68159 0.00009
3.70647 0.00008
3.73134 0.00007
3.75622 0.00006
3.78109 0.00005
3.80597 0.00004
3.83085 0.00003
3.85572 0.00003
3.88060 0.00002
3.90547 0.00002
3.93035 0.00002
3.95522 0.00001
3.98010 0.00001
4.00498 0.00001
4.02985 0.00001
4.05473 0.00001
4.07960 0.00001
4.10448 0.00000
4.12935 0.00000
4.15423 0.00000
4.17910 0.00000
4.20398 0.00000
4.22886 0.00000
4.25373 0.00000
4.27861 0.00000
4.30348 0.00000
4.32836 0.00000
4.35323 0.00000
4.37811 0.00000
4.40299 0.00000
4.42786 0.00000
4.45274 0.00000
4.47761 0.00000
4.50249 0.00000
4.52736 0.00000
4.55224 0.00000
4.57711 0.00000
4.60199 0.00000
4.62687 0.00000
4.65174 0.00000
4.67662 0.00000
4.70149 0.00000
4.72637 0.00000
4.75124 0.00000
4.77612 0.00000
4.80100 0.00000
4.82587 0.00000
4.85075 0.00000
4.87562 0.00000
4.90050 0.00000
4.92537 0.00000
4.95025 0.00000
