0 0
0.02488 0.00017
0.04975 0.00069
0.07463 0.00158
0.09950 0.00287
0.12438 0.00458
0.14925 0.00673
0.17413 0.00932
0.19900 0.01239
0.22388 0.01595
0.24876 0.02000
0.27363 0.02456
0.29851 0.02963
0.32338 0.03523
0.34826 0.04135
0.37313 0.04800
0.39801 0.05518
0.42289 0.06288
0.44776 0.07110
0.47264 0.07982
0.49751 0.08905
0.52239 0.09876
0.54726 0.10894
0.57214 0.11958
0.59701 0.13065
0.62189 0.14212
0.64677 0.15399
0.67164 0.16622
0.69652 0.17878
0.72139 0.19164
0.74627 0.20477
0.77114 0.21814
0.79602 0.23172
0.82090 0.24547
0.84577 0.25934
0.87065 0.27332
0.89552 0.28735
0.92040 0.30139
0.94527 0.31542
0.97015 0.32939
0.99502 0.34326
1.01990 0.35699
1.04478 0.37054
1.06965 0.38388
1.09453 0.39696
1.11940 0.40976
1.14428 0.42223
1.16915 0.43435
1.19403 0.44607
1.21891 0.45737
1.24378 0.46821
1.26866 0.47857
1.29353 0.48842
1.31841 0.49774
1.34328 0.50650
1.36816 0.51468
1.39303 0.52227
1.41791 0.52924
1.44279 0.53559
1.46766 0.54129
1.49254 0.54634
1.51741 0.55074
1.54229 0.55447
1.56716 0.55753
1.59204 0.55993
1.61692 0.56165
1.64179 0.56272
1.66667 0.56312
1.69154 0.56287
1.71642 0.56198
1.74129 0.56045
1.76617 0.55830
1.79104 0.55555
1.81592 0.55221
1.84080 0.54829
1.86567 0.54382
1.89055 0.53882
1.91542 0.53330
1.94030 0.52729
1.96517 0.52081
1.99005 0.51389
2.01493 0.50655
2.03980 0.49881
2.06468 0.49071
2.08955 0.48226
2.11443 0.47349
2.13930 0.46443
2.16418 0.45511
2.18905 0.44555
2.21393 0.43577
2.23881 0.42581
2.26368 0.41569
2.28856 0.40543
2.31343 0.39505
2.33831 0.38459
2.36318 0.37407
2.38806 0.36350
2.41294 0.35292
2.43781 0.34233
2.46269 0.33177
2.48756 0.32125
2.51244 0.31078
2.53731 0.30040
2.56219 0.29010
2.58706 0.27992
2.61194 0.26986
2.63682 0.25994
2.66169 0.25016
2.68657 0.24055
2.71144 0.23111
2.73632 0.22186
2.76119 0.21279
2.78607 0.20392
2.81095 0.19526
2.83582 0.18681
2.86070 0.17858
2.88557 0.17057
2.91045 0.16278
2.93532 0.15522
2.96020 0.14789
2.98507 0.14079
3.00995 0.13392
3.03483 0.12728
3.05970 0.12087
3.08458 0.11469
3.10945 0.10874
3.13433 0.10301
3.15920 0.09751
3.18408 0.09222
3.20896 0.08715
3.23383 0.08230
3.25871 0.07765
3.28358 0.07320
3.30846 0.06895
3.33333 0.06490
3.35821 0.06104
3.38308 0.05735
3.40796 0.05385
3.43284 0.05052
3.45771 0.04736
3.48259 0.04435
3.50746 0.04151
3.53234 0.03881
3.55721 0.03626
3.58209 0.03385
3.60697 0.03157
3.63184 0.02943
3.65672 0.02740
3.68159 0.02549
3.70647 0.02369
3.73134 0.02200
3.75622 0.02042
3.78109 0.01893
3.80597 0.01753
3.83085 0.01622
3.85572 0.01500
3.88060 0.01385
3.90547 0.01278
3.93035 0.01178
3.95522 0.01085
3.98010 0.00998
4.00498 0.00917
4.02985 0.00841
4.05473 0.00771
4.07960 0.00706
4.10448 0.00646
4.12935 0.00590
4.15423 0.00538
4.17910 0.00490
4.20398 0.00446
4.22886 0.00405
4.25373 0.00367
4.27861 0.00332
4.30348 0.00300
4.32836 0.00270
4.35323 0.00243
4.37811 0.00218
4.40299 0.00195
4.42786 0.00174
4.45274 0.00155
4.47761 0.00137
4.50249 0.00121
4.52736 0.00107
4.55224 0.00093
4.57711 0.00081
4.60199 0.00070
4.62687 0.00061
4.65174 0.00052
4.67662 0.00044
4.70149 0.00037
4.72637 0.00030
4.75124 0.00025
4.77612 0.00020
4.80100 0.00015
4.82587 0.00012
4.85075 0.00008
4.87562 0.00006
4.90050 0.00004
4.92537 0.00002
4.95025 0.00001
